30002850000190  00000089300126734    0000000031
30002850000190  00000089300126735    0000000035
30002850000190  00000089300126736    0000000036
30002850000190  00000089300128236    0000000021
30002850000190  00000089300128237    0000000030
30002850000190  00000089300128238    0000000035
30002850000190  00000089300128239    0000000020
30002850000190  00000089300128240    0000000020
30002850000190  00000089300128989    0000000021
30002850000190  00000089300128988    0000000018
30002850000190  00000089300126738    0000000004
30002850000190  00000089300126740    0000000004
30002850000190  00000089300128732    0000000004
