001177693679     0000000002
001177694922     0000000002
001177694927     0000000002
001177696395     0000000001
0011776910520    0000000002
0011776911168    0000000003
0011776912610    0000000002
0011776912759    0000000002
0011776917514    0000000001
0011776917515    0000000001
0011776917714    0000000002
0011776918382    0000000004
0011776925722    0000000002
0011776925723    0000000003
0011776925759    0000000001
0011776925761    0000000001
0011776925833    0000000001
0011776928243    0000000001
0011776912612    0000000001
0011776917100    0000000001
0011776917102    0000000001
0011776924151    0000000003
0011776925831    0000000001
0011776927318    0000000002
0011776927319    0000000002
0011776927320    0000000002
