27916244000175  0000088120014922     0000000052
27916244000175  0000088120013679     0000000034
27916244000175  00000881200110520    0000000047
27916244000175  00000881200118382    0000000051
27916244000175  00000881200117714    0000000059
27916244000175  00000881200111168    0000000069
27916244000175  00000881200112610    0000000059
27916244000175  00000881200118378    0000000026
27916244000175  0000088120011086     0000000027
27916244000175  00000881200127318    0000000021
27916244000175  00000881200127319    0000000021
27916244000175  00000881200127320    0000000021
27916244000175  00000881200112759    0000000047
